n, Time
0, 5
5, 4
10, 5
15, 4
20, 5
25, 5
30, 5
35, 5
40, 6
45, 8
50, 6
55, 9
60, 8
65, 8
70, 9
75, 8
80, 11
85, 11
90, 11
95, 9
100, 10
105, 10
110, 11
115, 12
120, 10
125, 10
130, 14
135, 12
140, 13
145, 14
150, 12
155, 14
160, 18
165, 16
170, 14
175, 15
180, 15
185, 15
190, 15
195, 16
200, 17
205, 19
210, 18
215, 16
220, 19
225, 17
230, 17
235, 20
240, 20
245, 18
250, 21
255, 20
260, 18
265, 21
270, 22
275, 22
280, 23
285, 23
290, 22
295, 23
300, 23
305, 23
310, 25
315, 28
320, 32
325, 26
330, 25
335, 24
340, 25
345, 27
350, 26
355, 27
360, 28
365, 26
370, 27
375, 28
380, 28
385, 27
390, 31
395, 29
400, 29
405, 31
410, 28
415, 30
420, 30
425, 32
430, 30
435, 31
440, 32
445, 32
450, 31
455, 33
460, 33
465, 35
470, 34
475, 32
480, 35
485, 33
490, 45
495, 36
500, 36
505, 35
510, 37
515, 36
520, 34
525, 37
530, 38
535, 39
540, 39
545, 39
550, 38
555, 39
560, 39
565, 40
570, 41
575, 41
580, 41
585, 42
590, 41
595, 40
600, 42
605, 43
610, 42
615, 43
620, 44
625, 42
630, 44
635, 44
640, 67
645, 44
650, 47
655, 45
660, 45
665, 47
670, 45
675, 46
680, 46
685, 48
690, 46
695, 48
700, 48
705, 48
710, 47
715, 48
720, 49
725, 52
730, 50
735, 49
740, 51
745, 49
750, 50
755, 52
760, 53
765, 50
770, 53
775, 52
780, 51
785, 53
790, 55
795, 55
800, 55
805, 55
810, 55
815, 55
820, 55
825, 55
830, 57
835, 57
840, 56
845, 58
850, 57
855, 57
860, 57
865, 59
870, 58
875, 59
880, 60
885, 59
890, 59
895, 60
900, 60
905, 60
910, 63
915, 61
920, 62
925, 63
930, 61
935, 62
940, 63
945, 64
950, 63
955, 64
960, 64
965, 64
970, 63
975, 65
980, 67
985, 68
990, 66
995, 65
