n, Time
0, 15
5, 16
10, 31
15, 48
20, 69
25, 91
30, 120
35, 141
40, 165
45, 194
50, 218
55, 252
60, 282
65, 322
70, 347
75, 382
80, 411
85, 453
90, 474
95, 487
100, 436
105, 469
110, 491
115, 516
120, 548
125, 567
130, 596
135, 619
140, 644
145, 675
150, 648
155, 604
160, 633
165, 651
170, 682
175, 700
180, 729
185, 751
190, 757
195, 701
200, 708
205, 720
210, 741
215, 764
220, 775
225, 803
230, 813
235, 834
240, 855
245, 780
250, 799
255, 800
260, 825
265, 837
270, 858
275, 878
280, 902
285, 912
290, 853
295, 847
300, 854
305, 876
310, 890
315, 907
320, 922
325, 945
330, 948
335, 983
340, 978
345, 909
350, 907
355, 928
360, 964
365, 965
370, 973
375, 983
380, 1004
385, 1014
390, 1023
395, 969
400, 954
405, 971
410, 988
415, 1109
420, 1023
425, 1041
430, 1037
435, 1054
440, 1058
445, 990
450, 1013
455, 1006
460, 1137
465, 1050
470, 1051
475, 1060
480, 1073
485, 1087
490, 1060
495, 1059
500, 1066
505, 1075
510, 1097
515, 1109
520, 1121
525, 1107
530, 1111
535, 1111
540, 1123
545, 1132
550, 1128
555, 1146
560, 1147
565, 1133
570, 1166
575, 1162
580, 1181
585, 1177
590, 1194
595, 1214
600, 1206
605, 1220
610, 1232
615, 1242
620, 1252
625, 1268
630, 1292
635, 1283
640, 1303
645, 1315
650, 1313
655, 1326
660, 1337
665, 1350
670, 1365
675, 1375
680, 1389
685, 1390
690, 1409
695, 1420
700, 1434
705, 1432
710, 1453
715, 1447
720, 1458
725, 1474
730, 1490
735, 1502
740, 1510
745, 1528
750, 1531
755, 1552
760, 1550
765, 1566
770, 1579
775, 1585
780, 1604
785, 1597
790, 1621
795, 1627
800, 1626
805, 1662
810, 1658
815, 1678
820, 1719
825, 1686
830, 1792
835, 1730
840, 1726
845, 1737
850, 1749
855, 1821
860, 1812
865, 1830
870, 1780
875, 1851
880, 1856
885, 1817
890, 1834
895, 1851
900, 1899
905, 1876
910, 1900
915, 1870
920, 1969
925, 1971
930, 1966
935, 1940
940, 1978
945, 1982
950, 1956
955, 2021
960, 2058
965, 2013
970, 2006
975, 1990
980, 2011
985, 2157
990, 2083
995, 2070
